"year","unemployment_rate","change_in_unemployment_rate"
2000,"6.6",NULL
2001,"5.7","-0.9"
2002,"5.5","-0.2"
2003,"5.2","-0.3"
2004,"4.5","-0.7"
2005,"3.9","-0.6"
2006,"3.9","0.0"
2007,"3.9","0.0"
2008,"3.7","-0.2"
2009,"4.9","1.2"
2010,"6.5","1.6"
2011,"6.3","-0.2"
2012,"6.4","0.1"
2013,"6.5","0.1"
2014,"5.8","-0.7"
2015,"5.7","-0.1"
2016,"5.5","-0.2"
2017,"5.2","-0.3"
2018,"4.7","-0.5"
2019,"4.3","-0.4"
2020,"4.3","0.0"
2021,"4.9","0.6"
2022,"3.4","-1.5"
